-0.0 887.32
0.859052476826 346399
2.40312052118 209.33
1.28917716887 15665.1
0.846818020409 133977
-0.0 78622.1
2.10209052551 21165.3
2.10209052551 21592.3
2.40312052118 14043.3
2.10209052551 16965.3
2.10209052551 21173.3
2.40312052118 284417
2.10209052551 18877.3
1.80106052985 336112
0.971756757017 607744
0.988147173205 618139
1.14784801607 433744
1.55802248116 814686
1.92599926646 767447
2.40312052118 10332.3
2.40312052118 29308.1
2.40312052118 338031
2.40312052118 3615.29
0.473701595462 21654.2
2.10209052551 210208
2.40312052118 11688.3
2.40312052118 9376.33
0.190932916772 17248.2
2.40312052118 94937.3
1.36172783602 2115980.0
1.50003053418 311821
1.28917716887 188817
1.02290927946 225174
0.0302085182057 190729
0.859052476826 147281
1.14784801607 1662160.0
2.10209052551 563682
1.70415051684 11832
1.92599926646 408437
2.40312052118 149781
2.40312052118 917793
2.10209052551 25518
2.40312052118 7494.33
2.40312052118 1428780.0
2.40312052118 8563.33
-0.0 26763
2.40312052118 823368
-0.0 1013.66
2.40312052118 2306620.0
-0.0 34558.9
2.40312052118 6653.33
2.40312052118 19488.1
2.10209052551 17770.3
1.92599926646 671533
2.40312052118 4366.33
1.92599926646 16448.3
1.44887801174 41561.5
1.40312052118 9725.31
1.28917716887 22820.8
2.40312052118 981097
2.10209052551 295892
2.10209052551 172165
2.40312052118 32897.4
2.40312052118 13499.3
2.40312052118 2018560.0
2.40312052118 168440
2.40312052118 11785.1
2.10209052551 8986.31
2.40312052118 17642.4
2.40312052118 5314.33
2.40312052118 4282.33
2.40312052118 5705.33
2.40312052118 8207.07
2.10209052551 1900.33
-0.0 638.33
2.10209052551 4036.33
2.10209052551 135538
2.10209052551 15972.3
2.40312052118 4351.33
1.92599926646 22464.3
2.10209052551 19809.3
1.80106052985 20345.1
2.40312052118 4819.33
-0.0 9850.5
2.40312052118 3605.33
-0.0 551.44
2.40312052118 6357.33
2.40312052118 33154
2.40312052118 88493.9
-0.0 2665.04
1.62496927079 771.46
0.110864449819 296.21
2.10209052551 14086.3
2.40312052118 9865.33
1.92599926646 26554.1
2.40312052118 9294.33
2.40312052118 6139.33
2.40312052118 27775.5
2.40312052118 5502.33
2.40312052118 13753.3
2.40312052118 8912.33
-0.0 34509.9
2.40312052118 12878.3
2.10209052551 28007.1
0.533888801445 49871.6
-0.0 1556.33
-0.0 295637
2.40312052118 1825250.0
2.10209052551 25324.1
2.40312052118 1039620.0
2.40312052118 16452.1
2.40312052118 30899.3
2.40312052118 11601.3
2.40312052118 7734.33
2.40312052118 5262.33
2.40312052118 1240920.0
0.00344679969478 36557.7
0.00171998039427 291.66
2.40312052118 9094.33
2.40312052118 63004.9
2.40312052118 554943
2.40312052118 922522
2.40312052118 8394.33
2.10209052551 13619.1
2.40312052118 18463.1
2.40312052118 768060
2.10209052551 712827
1.1726715998 1247830.0
1.19900053852 1182960.0
1.1726715998 1186390.0
2.40312052118 889330
2.40312052118 681382
2.10209052551 116423
2.40312052118 14499.3
2.40312052118 17283.1
2.40312052118 10283.3
-0.0 33929.9
2.40312052118 13267.3
2.40312052118 49615.5
1.50003053418 362765
2.10209052551 17396.3
2.40312052118 13275.3
2.40312052118 9107.33
2.40312052118 5347.33
2.40312052118 309179
2.40312052118 5313.07
2.40312052118 20198.1
2.10209052551 16484.3
2.40312052118 736983
-0.0 625700
1.28917716887 51019.5
2.40312052118 4815.33
2.10209052551 17448.1
2.10209052551 18049.1
2.40312052118 11339.1
2.40312052118 7611.33
2.40312052118 8035.33
2.40312052118 6958.33
2.40312052118 29785.4
0.00344679969478 643.76
0.00518051250378 695.53
-0.0 271468
2.40312052118 16178
2.10209052551 11474.3
2.40312052118 15327.1
2.40312052118 7274.33
1.92599926646 36958.1
2.40312052118 8227.33
2.10209052551 113378
1.92599926646 1766.33
2.40312052118 18865.3
2.40312052118 9705.33
2.40312052118 15250.3
2.40312052118 24989.1
2.40312052118 6504.07
1.80106052985 12231.3
-0.0 36160.5
-0.0 16060.9
2.40312052118 4775.07
2.40312052118 888.33
2.10209052551 111281
2.10209052551 63411.4
2.40312052118 1654.29
2.40312052118 7161.99
2.40312052118 12288.1
1.28917716887 376679
-0.0 1335.32
1.55802248116 39053.9
2.40312052118 131437
2.10209052551 132030
2.40312052118 11638.6
2.40312052118 1289330.0
2.40312052118 702885
1.70415051684 272184
2.40312052118 3351.33
2.40312052118 25623.1
0.0193051551954 9121.38
1.28917716887 756345
0.0376325362849 704899
1.50003053418 30685.5
2.40312052118 32907.6
0.988147173205 980758
2.40312052118 23747.3
1.40312052118 600721
1.80106052985 13958.9
2.40312052118 300522
0.834918797109 1415350.0
2.10209052551 33338.1
1.80106052985 1118930.0
1.92599926646 1153800.0
2.40312052118 64789.2
0.00171998039427 1439.45
2.40312052118 1190840.0
2.40312052118 689986
1.40312052118 107755
2.10209052551 16223.4
1.62496927079 584686
2.40312052118 11954.1
2.40312052118 5976.62
-0.0 15946.1
0.632268509534 1063.4
-0.0 10682.1
0.403120521176 157005
0.610728831678 105023
-0.0 69633.6
2.40312052118 7039.39
2.10209052551 11251.1
-0.0 4479.54
1.80106052985 3578.33
2.40312052118 8523.07
2.40312052118 733300
2.40312052118 13629.3
2.40312052118 2048130.0
2.40312052118 8571.33
1.92599926646 213434
2.40312052118 14353.3
-0.0 1505.94
2.40312052118 15305.3
2.10209052551 67521.1
-0.0 435032
2.40312052118 5137.33
2.10209052551 7355.33
2.40312052118 31610.3
2.40312052118 16659.3
2.10209052551 21372.1
2.40312052118 9367.2
1.62496927079 146728
0.00344679969478 200.6
-0.0 59323.2
-0.0 398.4
1.80106052985 132203
2.10209052551 1712.34
2.40312052118 227.41
0.00171998039427 316.46
0.75966784469 9513.62
0.0451856741754 11881
-0.0 987.32
2.40312052118 54429
2.40312052118 3686.33
2.40312052118 7454.31
2.40312052118 6396.33
1.62496927079 156707
2.10209052551 5132.87
2.10209052551 1154.09
2.10209052551 1531.09
2.40312052118 299757
2.40312052118 15895.1
2.40312052118 395407
2.40312052118 6258.33
2.40312052118 6995.33
1.92599926646 17484.1
1.92599926646 70703.9
-0.0 138.21
2.40312052118 6553.08
2.40312052118 3252.33
2.10209052551 7332.08
2.40312052118 302231
2.10209052551 526.34
1.92599926646 175362
2.40312052118 2523.33
2.40312052118 5754.33
2.10209052551 28426
2.40312052118 10756.3
2.40312052118 25441.4
0.00518051250378 394.5
0.00344679969478 546.42
2.40312052118 1341.33
2.40312052118 365.33
-0.0 10839.5
1.28917716887 884.88
0.425396915887 1736.31
2.40312052118 7405.33
2.40312052118 47467.3
2.40312052118 23858.1
1.62496927079 827017
2.40312052118 6763.33
2.40312052118 8241.33
2.40312052118 17613.1
2.40312052118 1740270.0
2.10209052551 24664
2.40312052118 24523.8
2.40312052118 2195.33
2.40312052118 1063580.0
2.40312052118 9415.08
2.10209052551 17014.3
2.40312052118 1311.33
2.10209052551 3463.32
2.40312052118 8565.33
2.10209052551 16961.3
2.10209052551 2683360.0
-0.0 485.33
2.10209052551 39896.3
2.40312052118 552358
1.0051805125 165.69
2.40312052118 3311.33
1.80106052985 46472.1
2.40312052118 6907.33
2.40312052118 41410.3
2.40312052118 1000750.0
2.40312052118 20084.3
-0.0 1653.19
2.40312052118 27090.6
0.988147173205 14291
1.44887801174 29081.4
2.40312052118 6582.33
-0.0 547.35
-0.0 49369
0.955962489834 6273.4
2.10209052551 11112.4
-0.0 220874
2.40312052118 2153.31
-0.0 4215180.0
2.40312052118 966815
2.10209052551 26518.1
2.40312052118 651966
1.36172783602 2566130.0
2.10209052551 81680.2
2.10209052551 157746
0.884606581298 649090
1.92599926646 2398780.0
2.10209052551 227420
2.40312052118 373841
1.70415051684 311336
1.44887801174 306501
-0.0 2118890.0
0.971756757017 1568130.0
2.40312052118 181998
-0.0 241606
1.40312052118 364186
2.40312052118 70655
0.632268509534 43917.6
2.40312052118 77391
1.62496927079 380569
0.670726761353 257390
0.971756757017 1862370.0
1.14784801607 576833
1.92599926646 274917
0.955962489834 341411
0.678844651575 763264
-0.0 3816140.0
1.44887801174 118120
2.40312052118 58948
-0.0 318040
2.40312052118 1052190.0
-0.0 935637
1.80106052985 2449780.0
2.40312052118 2022130.0
2.40312052118 2320450.0
2.40312052118 65146
2.40312052118 60997
2.40312052118 2086570.0
2.40312052118 993046
1.19900053852 895288
0.988147173205 1138970.0
1.10209052551 399739
0.988147173205 337428
1.92599926646 13446
2.10209052551 53944.2
0.955962489834 1054560.0
1.62496927079 2266120.0
1.92599926646 237985
2.10209052551 385654
1.92599926646 2214630.0
2.40312052118 20266.1
2.10209052551 23916.1
1.62496927079 296740
2.40312052118 149352
2.40312052118 149059
1.0051805125 1054120.0
2.40312052118 46874.8
1.14784801607 1445730.0
0.75966784469 846407
0.448878011736 598171
0.403120521176 679316
0.577045718475 35149.8
-0.0 800217
0.0193051551954 842761
0.00692117408008 1069750.0
0.0086688403496 482168
0.309698836014 1033480.0
1.92599926646 48566.1
1.92599926646 49647.1
-0.0 701659
-0.0 25755.1
-0.0 1431930.0
1.92599926646 20951
0.65493249417 405457
1.32393927513 86934.2
1.55802248116 7420.31
0.871641604134 21188.9
-0.0 816319
0.925999266456 129011
0.0193051551954 1420130.0
0.494635502297 151920
0.0451856741754 2212170.0
-0.0 168638
0.988147173205 104793
1.28917716887 44051.4
2.40312052118 843.39
1.55802248116 38751.7
0.971756757017 765494
-0.0 1294240.0
1.62496927079 66326.2
1.36172783602 239183
2.40312052118 98211.8
-0.0 2567.08
0.260105720922 518647
0.260105720922 189461
1.14784801607 78835.2
0.712924441147 53789.3
0.617790686165 342757
-0.0 50924.5
-0.0 1069590.0
0.558022481162 427003
0.500030534184 421261
-0.0 291156
0.812055914149 541624
1.2569924855 437.42
1.62496927079 17534
1.14784801607 29010.4
1.62496927079 230.51
0.0302085182057 1081330.0
0.463601268557 341720
-0.0 104729
1.22702926212 41556.5
-0.0 3802850.0
2.40312052118 1606.33
0.429992667576 844668
0.411894445483 889708
0.429992667576 341860
0.269581612806 677218
0.279268880209 725895
0.238767665391 363423
0.369696765689 377429
0.533888801445 401328
2.10209052551 57693.1
1.28917716887 63808.2
0.988147173205 1044480.0
2.10209052551 45321
0.624969270792 969258
0.516629796003 911132
0.533888801445 1455720.0
0.263241434775 1714730.0
0.610728831678 1739820.0
0.577045718475 1222560.0
0.834918797109 184765
0.25390140852 1206410.0
2.40312052118 2674.33
0.577045718475 1194330.0
1.02290927946 190516
2.40312052118 8358.07
0.988147173205 1748460.0
0.988147173205 1785670.0
2.40312052118 57145
1.0051805125 2082250.0
1.0051805125 2089870.0
0.342422680822 1270040.0
1.40312052118 179322
0.489306668792 1350380.0
1.44887801174 327496
0.28584922552 1459620.0
1.55802248116 19021.1
0.505493429885 6522990.0
1.0051805125 203101
1.55802248116 319843
2.10209052551 132175
1.55802248116 322239
1.62496927079 336751
2.10209052551 258007
2.40312052118 107192
1.50003053418 808922
2.40312052118 115468
-0.0 51182.1
2.40312052118 272934
2.40312052118 632819
2.40312052118 51841
0.955962489834 218177
0.823336924559 1255960.0
0.779871230778 1634400.0
1.14784801607 57840.1
0.632268509534 253325
1.22702926212 123110
1.44887801174 52161.2
0.859052476826 646670
0.911758827342 607337
0.425396915887 414942
0.925999266456 726687
2.40312052118 95659.1
2.40312052118 977228
1.70415051684 281094
2.40312052118 75992
1.70415051684 77834
0.639692527613 2233500.0
0.558022481162 2225490.0
0.551862172457 2209960.0
0.897970542856 2177680.0
2.40312052118 357141
2.40312052118 66811
-0.0 6041590.0
-0.0 25088.7
-0.0 33698.4
-0.0 16131.8
-0.0 489344
-0.0 489344
-0.0 489344
-0.0 489344
-0.0 364080
1.19900053852 1220830.0
2.40312052118 1814.87
1.04139268516 1772040.0
1.0051805125 2295190.0
0.955962489834 2223000.0
0.28254658997 2210780.0
0.289177168869 2263830.0
0.925999266456 1584920.0
1.0051805125 2183990.0
1.0051805125 2280570.0
2.40312052118 48531.5
1.0051805125 1897260.0
1.50003053418 473327
1.0051805125 1968600.0
0.429992667576 1843670.0
1.70415051684 342381
0.43933269383 2067020.0
0.272786752681 2169700.0
0.28254658997 2124420.0
1.55802248116 50983.5
1.55802248116 1176930.0
1.44887801174 1532530.0
0.289177168869 1881300.0
0.207220868767 1741780.0
0.500030534184 1888760.0
1.28917716887 45744.5
0.911758827342 259821
0.971756757017 2002650.0
0.988147173205 2045050.0
1.36172783602 442674
0.429992667576 1649560.0
0.925999266456 1903030.0
0.971756757017 936406
1.70415051684 470675
2.40312052118 2923920.0
2.40312052118 1412280.0
2.10209052551 1263590.0
1.55802248116 389278
0.988147173205 2355910.0
0.988147173205 2346070.0
0.617790686165 2169880.0
0.292530810877 1378180.0
0.955962489834 574514
0.276015722811 1821370.0
0.25390140852 1737310.0
0.250832176793 1940160.0
0.269581612806 1907530.0
1.62496927079 15153.3
0.43933269383 1927350.0
0.448878011736 2088070.0
0.478841235114 2113590.0
0.505493429885 940478
0.988147173205 2188860.0
1.04139268516 2213910.0
2.40312052118 2372850.0
2.40312052118 378862
1.19900053852 437656
2.40312052118 58689.5
1.0051805125 2576200.0
1.02290927946 2654070.0
1.92599926646 30995.3
1.0051805125 2501210.0
1.28917716887 609729
0.940722523277 722644
2.10209052551 153723
1.40312052118 337627
1.80106052985 333609
0.971756757017 119388
0.955962489834 562020
0.7218792838 813442
1.50003053418 17599
0.407485326578 963658
0.897970542856 521733
2.10209052551 334204
1.70415051684 2243500.0
1.04139268516 2350190.0
1.0051805125 2285300.0
1.0051805125 875604
1.0051805125 335847
1.0051805125 451999
0.940722523277 429544
0.925999266456 427310
1.32393927513 207574
1.04139268516 155470
1.28917716887 122198
0.505493429885 54056.2
0.0320526589041 19600.2
0.117563212168 10344.9
0.971756757017 6063.71
1.08090122644 1523.77
1.44887801174 427.34
1.50003053418 808.56
2.40312052118 7708.33
2.10209052551 46260.8
2.40312052118 22784.1
-0.0 12602.6
-0.0 47251.1
1.70415051684 4453.09
1.70415051684 10736.1
1.70415051684 17993.8
1.92599926646 5991.31
-0.0 1930.33
2.40312052118 1416.33
2.10209052551 2568570.0
2.40312052118 132706
0.925999266456 770358
1.14784801607 1470590.0
1.80106052985 608.38
0.00692117408008 91.74
2.10209052551 33860.9
2.40312052118 6973.33
2.40312052118 5264.33
2.10209052551 9638.33
2.40312052118 9475.33
2.40312052118 1774.31
2.40312052118 8093.33
2.40312052118 6937.33
2.40312052118 361.17
2.10209052551 77750.6
-0.0 98.12
0.0320526589041 622.25
2.40312052118 6894.33
2.10209052551 2426260.0
1.92599926646 1160940.0
2.10209052551 7549.33
2.10209052551 1212200.0
2.40312052118 8453.33
2.40312052118 69521.4
2.10209052551 1112060.0
2.40312052118 9031.31
2.40312052118 9587.33
2.40312052118 10285.3
2.40312052118 4972.33
2.40312052118 22073.1
2.40312052118 40399.3
2.40312052118 650459
2.40312052118 11676.3
2.40312052118 17561.3
2.40312052118 11094.3
2.40312052118 8300.33
2.40312052118 71368.1
2.40312052118 8839.33
2.40312052118 880.45
2.40312052118 19796.4
2.10209052551 1677.33
2.10209052551 309.37
2.40312052118 11291.3
2.10209052551 15083.3
2.40312052118 13830.3
2.40312052118 13210.3
2.40312052118 19309.1
2.10209052551 15875.3
2.10209052551 10856.3
2.40312052118 15546.9
2.40312052118 208253
2.10209052551 36302
0.971756757017 903374
1.32393927513 209525
2.40312052118 13832.1
2.40312052118 8215.33
2.10209052551 17485.3
2.40312052118 24199.1
2.40312052118 9243.33
2.40312052118 17325.1
2.40312052118 10103.3
2.40312052118 7848.33
2.10209052551 6667.33
2.40312052118 7210.09
0.0121854140724 7856210.0
2.40312052118 8837.33
2.40312052118 19247.1
2.40312052118 19135.1
2.40312052118 15830.1
1.32393927513 2331.19
2.40312052118 6796.33
2.10209052551 19444.1
2.40312052118 6369.33
-0.0 177875
2.10209052551 238201
1.92599926646 33037.4
2.10209052551 15018.3
2.40312052118 18535.3
2.40312052118 10028.3
2.40312052118 13345.3
2.40312052118 11828.9
2.40312052118 1522.09
2.40312052118 1724850.0
1.62496927079 974.39
2.40312052118 18573.3
2.40312052118 3296.33
2.10209052551 3367.33
-0.0 367.34
2.40312052118 277.77
1.62496927079 10298.8
0.00692117408008 3766.53
2.40312052118 3304.33
2.40312052118 18959.1
2.40312052118 3610.33
2.40312052118 6916.33
-0.0 7043.69
2.40312052118 22773.1
2.40312052118 21757.1
2.10209052551 27216
-0.0 59808.3
-0.0 7069.77
2.40312052118 23379.1
-0.0 1575.33
2.10209052551 188003
-0.0 430.38
2.40312052118 1515.42
0.00171998039427 289.69
0.00171998039427 537.38
2.40312052118 7041.31
2.40312052118 15635.3
2.40312052118 5519.05
2.10209052551 13834.3
-0.0 37204.5
2.40312052118 140994
2.40312052118 8786.31
2.40312052118 8755.33
-0.0 435728
2.40312052118 11951.3
2.40312052118 538846
2.40312052118 2111050.0
2.40312052118 6866.33
1.80106052985 24499.1
2.40312052118 9437.33
2.40312052118 6346.33
2.40312052118 6977.33
1.92599926646 24021.1
1.92599926646 22926.1
2.40312052118 12135.3
2.40312052118 274389
2.40312052118 12448.3
2.40312052118 8738.33
2.40312052118 9060.33
2.40312052118 21183.1
2.40312052118 1789.7
2.10209052551 3082.34
2.40312052118 24692.1
2.40312052118 3954.33
2.40312052118 4620.33
2.40312052118 7744.31
2.40312052118 6140.33
2.10209052551 1942960.0
2.40312052118 2568.33
2.40312052118 2769.33
2.40312052118 1732.33
-0.0 1829.95
1.92599926646 341649
1.92599926646 338583
1.19900053852 158.33
2.10209052551 6624.33
2.40312052118 13409.3
2.40312052118 17516.3
2.40312052118 21954.4
2.40312052118 222517
2.40312052118 23161.3
1.55802248116 4696340.0
2.40312052118 47611.4
2.40312052118 9013.33
2.10209052551 453.13
2.40312052118 373450
2.10209052551 372371
2.40312052118 2103.41
2.10209052551 15720.3
2.40312052118 12926.3
2.40312052118 1290.33
2.10209052551 1240540.0
2.40312052118 49062
2.40312052118 3372.47
-0.0 1292.33
2.40312052118 12469.3
-0.0 5781.05
2.40312052118 14360.6
2.40312052118 7986.33
2.40312052118 18098.3
2.10209052551 16445.3
2.10209052551 14188.3
2.40312052118 756507
2.40312052118 101511
1.55802248116 148181
-0.0 6736.75
2.40312052118 16155.1
2.40312052118 32965.3
2.40312052118 18509.1
-0.0 99965.9
2.40312052118 4017.33
2.40312052118 5827.33
2.40312052118 7291.61
2.40312052118 868.54
-0.0 304.34
0.00518051250378 514.76
2.40312052118 319.55
0.00344679969478 320.49
2.10209052551 978.47
2.40312052118 82798.9
-0.0 3217.04
-0.0 4645.13
0.695550345078 5064.47
-0.0 1264.7
0.468622069932 179681
-0.0 275.66
2.10209052551 1077.2
0.639692527613 26426
1.70415051684 2249.14
2.40312052118 8635.31
2.40312052118 6797.33
1.2569924855 203348
1.10209052551 196542
1.50003053418 233578
2.40312052118 5250.33
2.40312052118 7926.33
-0.0 912.36
2.40312052118 8536.33
2.40312052118 22042.3
2.40312052118 621937
2.40312052118 1074860.0
2.40312052118 578358
1.92599926646 88740.9
2.40312052118 2974.29
2.40312052118 78339.5
2.40312052118 110192
2.10209052551 2340330.0
2.10209052551 12881.3
2.10209052551 23828.7
2.40312052118 8828.09
2.40312052118 8990.33
2.40312052118 26336.1
2.40312052118 7390.33
2.40312052118 40791.4
2.10209052551 11509.3
2.40312052118 51054.5
2.40312052118 15805.1
-0.0 23106.4
2.40312052118 9556.33
2.10209052551 22698.3
2.40312052118 8065.33
2.40312052118 51364.3
2.40312052118 13235.3
2.10209052551 90047.1
2.40312052118 7013.33
2.40312052118 10140.3
-0.0 3814360.0
0.871641604134 123.33
2.40312052118 1474110.0
2.40312052118 7982.33
2.40312052118 107811
2.40312052118 34606.1
2.40312052118 5236.33
2.10209052551 33489.1
2.40312052118 7472.33
2.40312052118 6763.33
1.92599926646 315930
-0.0 382.33
1.80106052985 182651
-0.0 2829.47
1.80106052985 224909
0.988147173205 609447
2.40312052118 257089
1.1726715998 262149
2.40312052118 6001.33
2.40312052118 1326700.0
2.40312052118 73633.6
2.40312052118 19617.1
2.40312052118 42492.4
2.10209052551 50741.4
2.10209052551 46373.3
2.10209052551 68423.3
2.10209052551 63249.3
0.687117177541 12281.8
0.897970542856 39512.6
2.10209052551 2328.39
1.92599926646 21377.3
-0.0 1287490.0
2.10209052551 44745.1
2.40312052118 4306.33
2.40312052118 3687.33
2.40312052118 2952.33
2.40312052118 23708.5
2.40312052118 3481.33
-0.0 38041.9
2.40312052118 9566.33
2.10209052551 65685.7
0.00171998039427 9292.07
0.00344679969478 31193.2
-0.0 1115.2
2.40312052118 22899.8
-0.0 39758.4
2.10209052551 2859.32
1.55802248116 4604.41
2.40312052118 4976.76
2.10209052551 5458.33
1.92599926646 6733.07
1.92599926646 20770.5
2.40312052118 84317.5
2.40312052118 5974.33
2.40312052118 6382.33
2.40312052118 25055.4
-0.0 2085790.0
0.925999266456 467783
-0.0 450392
-0.0 2183.33
2.40312052118 113729
2.40312052118 246617
2.40312052118 194429
2.40312052118 10585.3
2.40312052118 222300
1.92599926646 29559.5
1.80106052985 30911.3
1.70415051684 35536.1
2.40312052118 546.66
2.40312052118 48875.1
2.40312052118 5731.33
2.40312052118 25748.1
2.40312052118 6591.31
2.40312052118 50199.6
2.40312052118 207.12
2.10209052551 4671.33
2.10209052551 9485.33
2.40312052118 17576.1
2.10209052551 17609.3
2.10209052551 14412.3
2.40312052118 8661.33
2.40312052118 5531.33
2.40312052118 5980.33
2.40312052118 31859.9
-0.0 4346.08
2.10209052551 7893.07
2.10209052551 125.33
2.40312052118 904.33
2.10209052551 2300.33
2.40312052118 22695.4
-0.0 1895.95
2.40312052118 5609.33
2.10209052551 1237710.0
2.40312052118 969936
-0.0 3439750.0
2.10209052551 1056910.0
2.40312052118 768874
2.10209052551 9209.31
-0.0 2579.94
2.40312052118 39531.2
1.80106052985 38741.1
2.40312052118 1406510.0
2.40312052118 15957.3
2.40312052118 32727.1
-0.0 833.33
1.92599926646 8597.07
-0.0 855.41
2.40312052118 6754.33
2.40312052118 396366
2.40312052118 150426
2.40312052118 228362
1.80106052985 45689.1
2.40312052118 16514.3
2.40312052118 34557.6
-0.0 46306.7
2.40312052118 4067.33
2.40312052118 8967.33
2.40312052118 32743.8
2.40312052118 27696.1
2.10209052551 26856.1
2.40312052118 8390.33
2.40312052118 7834.33
2.40312052118 761625
2.10209052551 58324
-0.0 33361.6
2.40312052118 557.35
-0.0 384.83
2.40312052118 41430
2.40312052118 3496.33
0.407485326578 225526
0.350042077692 118286
2.40312052118 190124
2.40312052118 14216.1
-0.0 405589
1.70415051684 405589
1.70415051684 34913.6
0.0104235679162 401.78
1.92599926646 27666.9
2.40312052118 753.33
2.40312052118 16541
2.40312052118 8727.33
2.40312052118 11319.3
2.40312052118 8055.33
2.10209052551 12068.3
2.10209052551 13056.3
2.40312052118 7886.33
2.10209052551 47715.6
2.40312052118 9704.08
2.40312052118 2211670.0
2.10209052551 20920.3
2.40312052118 13974.3
2.10209052551 20690.3
2.40312052118 7467.33
-0.0 1143.33
2.40312052118 1895.33
2.10209052551 17617.3
2.40312052118 10525.3
-0.0 1361890.0
2.10209052551 10598.3
1.50003053418 5085280.0
-0.0 143617
0.769652065596 979270
1.36172783602 979270
2.10209052551 205613
-0.0 34356.3
2.40312052118 59221.4
2.40312052118 4166.33
2.10209052551 12346.3
2.10209052551 415.6
-0.0 136.46
2.40312052118 9279.33
2.40312052118 6401.33
2.40312052118 52731.5
2.40312052118 55205.1
2.10209052551 4390.33
2.40312052118 19034.1
2.40312052118 28651.1
2.40312052118 1143870.0
2.40312052118 794170
2.40312052118 6657.31
2.40312052118 4311.84
0.596940547192 260064
2.40312052118 685012
2.40312052118 539215
1.1726715998 686.79
0.00518051250378 805.1
-0.0 24652.3
2.40312052118 27192.1
2.40312052118 2356.38
2.40312052118 34470.3
2.40312052118 24997.9
2.10209052551 40125
2.40312052118 155527
-0.0 140.36
2.40312052118 5224.33
2.10209052551 23397.1
2.40312052118 32573.5
2.40312052118 8891.32
2.40312052118 2901.33
2.40312052118 9035.33
2.10209052551 8568.33
1.14784801607 73049.8
0.448878011736 51751.8
-0.0 43766.8
1.10209052551 433.49
1.28917716887 117.12
0.884606581298 103150
-0.0 30346.8
2.40312052118 5202.05
2.40312052118 4171.33
2.40312052118 5671.33
2.10209052551 7593.33
2.10209052551 19367.1
2.40312052118 157562
2.40312052118 5933.33
2.40312052118 894337
2.40312052118 3275.33
2.40312052118 1596390.0
2.40312052118 1661300.0
2.10209052551 54560.5
0.812055914149 465.03
2.40312052118 7501.33
2.40312052118 5557.33
2.10209052551 11316.3
2.40312052118 8430.03
2.40312052118 25842.2
2.10209052551 11004.3
0.871641604134 608260
1.62496927079 613461
2.40312052118 10417.3
2.40312052118 15331.3
-0.0 2326.28
2.10209052551 271082
2.40312052118 21894.1
2.10209052551 573668
2.40312052118 247291
2.10209052551 639314
2.40312052118 13977.3
2.10209052551 13633.3
2.10209052551 17001.3
2.10209052551 16759.3
1.40312052118 407172
2.40312052118 13539.3
2.10209052551 22073.1
2.40312052118 31301.1
2.10209052551 15504.2
-0.0 3189.96
1.44887801174 40942.9
0.0247226202277 4474.39
0.0320526589041 147.81
2.40312052118 34840.7
0.0086688403496 291.56
1.80106052985 100524
0.00171998039427 2118.24
-0.0 3475080.0
1.92599926646 70727.6
2.40312052118 11035.3
2.40312052118 10282.3
2.40312052118 17595.1
2.40312052118 14129.1
2.10209052551 355631
1.62496927079 607726
2.40312052118 384.78
1.28917716887 161.31
0.971756757017 359992
2.40312052118 8412.33
2.10209052551 41025.4
2.40312052118 9853.33
2.40312052118 26884.1
2.40312052118 24882.1
2.40312052118 29013.1
2.40312052118 23614.1
2.40312052118 24025.1
2.40312052118 19538.1
1.92599926646 56549
2.10209052551 1482440.0
2.40312052118 6584.33
2.40312052118 13551.3
2.40312052118 7025.33
2.40312052118 1182050.0
2.10209052551 30657.1
2.40312052118 40507.2
2.40312052118 8246.33
1.1726715998 1145430.0
-0.0 956157
2.40312052118 1051950.0
1.92599926646 31811.3
2.40312052118 999304
1.92599926646 1217250.0
1.55802248116 11427.1
2.40312052118 13354.1
2.10209052551 124700
2.40312052118 19508.1
2.40312052118 11971.3
2.40312052118 9794.31
2.40312052118 6573.33
2.40312052118 7711.33
2.10209052551 14645.3
2.40312052118 7608.31
2.40312052118 17072.1
2.40312052118 2954.07
2.40312052118 18340.1
2.40312052118 16453.3
2.40312052118 21365.1
2.10209052551 24755.1
2.40312052118 55458.4
2.40312052118 24977.1
2.40312052118 8287.33
2.40312052118 36724.4
2.40312052118 19813.1
0.00171998039427 132.43
2.40312052118 3327.33
2.10209052551 12175.2
1.62496927079 1233.6
2.40312052118 224.44
2.40312052118 34738.7
2.40312052118 7004.33
2.10209052551 27480.1
2.40312052118 16371.1
1.92599926646 1802410.0
2.40312052118 26789.9
2.40312052118 7137.33
2.10209052551 1614080.0
2.40312052118 791569
2.40312052118 1328140.0
2.40312052118 2023360.0
2.40312052118 11232.5
2.40312052118 30052.9
2.40312052118 1741290.0
2.40312052118 7331.33
2.10209052551 16024.3
2.40312052118 28577.1
2.40312052118 7733.33
2.10209052551 12499.3
1.1726715998 154834
0.28254658997 52181.5
1.28917716887 2724150.0
1.14784801607 36183.9
0.390283296471 313929
0.988147173205 2317540.0
0.971756757017 666595
1.2569924855 732689
2.40312052118 8990.31
2.40312052118 5388.33
2.40312052118 22807.1
2.40312052118 204242
2.40312052118 18940.1
2.10209052551 1155110.0
2.10209052551 17119.1
2.40312052118 348560
2.40312052118 4133.33
2.40312052118 10594.3
-0.0 2482640.0
-0.0 184.57
2.40312052118 178.35
2.40312052118 3616.33
-0.0 113667
0.859052476826 135125
1.92599926646 11709.1
2.40312052118 5572.33
2.40312052118 2637.33
2.40312052118 5251.33
0.377814655911 102080
1.80106052985 59211.1
2.40312052118 57658.1
-0.0 76024.5
0.812055914149 613081
0.505493429885 398085
0.779871230778 397575
2.10209052551 4834.3
0.687117177541 17886.5
2.40312052118 8876.31
0.7218792838 99744.6
0.897970542856 104494
2.40312052118 186528
2.40312052118 4827.31
2.40312052118 7219.33
2.10209052551 18939.1
2.40312052118 9204.33
0.884606581298 393341
0.801060529848 295457
0.925999266456 383126
0.988147173205 520400
2.40312052118 462717
2.40312052118 9734.31
2.40312052118 4785.33
2.40312052118 2343.33
2.40312052118 1694.84
2.40312052118 22819
2.40312052118 24217.5
2.40312052118 15908.1
2.40312052118 7666.33
2.10209052551 8421.33
2.10209052551 62037
-0.0 8477.76
2.40312052118 6414.33
2.40312052118 10303.3
2.40312052118 7327.33
2.40312052118 4602.33
-0.0 1578.33
-0.0 1364.69
2.40312052118 64213.4
2.10209052551 62941.1
2.40312052118 4702.33
-0.0 771.09
0.75966784469 220725
2.40312052118 16359.1
2.40312052118 9012.07
2.40312052118 6008.33
2.40312052118 95203
-0.0 3614490.0
2.10209052551 1256180.0
2.10209052551 1124090.0
2.40312052118 2443060.0
2.40312052118 178677
2.10209052551 5304.11
1.28917716887 9388.07
-0.0 290.36
2.40312052118 6063.33
2.10209052551 21342.1
-0.0 36250.4
0.0193051551954 641.78
2.40312052118 8036.07
2.40312052118 8862.33
2.10209052551 207925
2.10209052551 6750.33
2.10209052551 34929.7
2.40312052118 930417
2.40312052118 7777.33
1.92599926646 1651320.0
2.40312052118 3975.32
2.40312052118 3799.08
1.80106052985 1586.07
1.55802248116 4907.4
2.40312052118 876528
2.40312052118 11364.1
2.40312052118 771074
2.10209052551 1045180.0
2.10209052551 14578.3
2.40312052118 644.33
2.40312052118 35482.3
2.40312052118 7229.07
-0.0 15113.1
0.558022481162 15603
0.558022481162 24612.9
0.00171998039427 11037.7
2.40312052118 13976.1
2.40312052118 8459.33
2.40312052118 3459.49
2.40312052118 803.41
2.40312052118 801.61
0.0247226202277 89.16
2.10209052551 12427.3
2.40312052118 7038.33
2.40312052118 343850
2.40312052118 135412
2.40312052118 17756.9
1.32393927513 197546
2.40312052118 3968.33
2.40312052118 4529.33
2.40312052118 402.39
-0.0 936.19
2.10209052551 101101
2.40312052118 1068.84
2.10209052551 35295.3
2.40312052118 3810.33
2.10209052551 616959
-0.0 9392.7
2.40312052118 1211.15
-0.0 525.88
2.40312052118 194105
2.40312052118 1208310.0
2.40312052118 1176520.0
2.40312052118 1480260.0
0.218429090358 945858
2.40312052118 1214610.0
2.40312052118 8704.33
2.40312052118 36090
2.40312052118 1818.33
2.40312052118 8260.33
2.40312052118 306050
2.40312052118 1372980.0
2.10209052551 955635
0.662757831682 81183.8
-0.0 246.37
0.0229092794642 3059.46
0.266399954019 1188.64
1.19900053852 916.1
1.1726715998 999.14
0.104267444766 2890.37
1.92599926646 84574.4
2.40312052118 69125.1
0.988147173205 13308.2
-0.0 4163.95
1.40312052118 12679.5
0.624969270792 19623.1
0.859052476826 4619.68
2.40312052118 1839220.0
2.40312052118 8168.31
2.40312052118 6427.33
2.40312052118 204178
2.40312052118 781711
2.10209052551 1018940.0
2.40312052118 7157.33
2.10209052551 1184030.0
2.10209052551 1075820.0
2.40312052118 1388650.0
2.40312052118 2029710.0
2.40312052118 2163570.0
2.40312052118 25030.9
2.40312052118 6807.33
2.40312052118 7759.33
2.10209052551 160302
2.40312052118 6607.33
2.40312052118 23069.1
0.0283721751657 214.41
2.40312052118 2294.32
2.40312052118 931883
2.40312052118 6804.33
2.40312052118 11851.4
2.10209052551 8208.31
2.40312052118 4719.33
2.10209052551 8467.33
2.40312052118 103358
-0.0 2359.07
2.40312052118 393287
2.10209052551 8148.33
2.10209052551 12032.3
0.00171998039427 200.93
2.40312052118 10411.4
-0.0 203.45
2.40312052118 2000.33
1.55802248116 14455.4
2.40312052118 14937.3
2.40312052118 6352.31
2.40312052118 567.34
2.10209052551 535.84
-0.0 1126.33
1.92599926646 84378.6
2.10209052551 173680
1.80106052985 5996.94
1.44887801174 118366
1.44887801174 110109
1.2569924855 599327
-0.0 2487.15
0.871641604134 452778
1.50003053418 18018.9
2.10209052551 44055.1
1.62496927079 34556.9
0.925999266456 33616.4
0.801060529848 13198.9
2.40312052118 3988.05
0.494635502297 6389.99
2.40312052118 7091.33
2.40312052118 378269
1.62496927079 7506.07
1.44887801174 1184730.0
1.36172783602 1159440.0
0.33123851387 31365
1.04139268516 12695.1
1.80106052985 473837
1.36172783602 673516
2.40312052118 2242.05
0.468622069932 386604
2.40312052118 4050.07
1.08090122644 716462
1.14784801607 705919
1.40312052118 55019.1
2.40312052118 11102.3
2.40312052118 1059640.0
1.92599926646 1461290.0
1.10209052551 285295
0.678844651575 53333.9
0.940722523277 7671.43
0.911758827342 8043.55
-0.0 83865
2.40312052118 6761.31
2.10209052551 16237.3
2.40312052118 16053.3
2.40312052118 224932
2.40312052118 11548.6
-0.0 11457.1
2.40312052118 2353.31
1.70415051684 1205120.0
1.32393927513 272856
1.36172783602 260679
1.55802248116 282434
2.40312052118 7952.06
2.10209052551 16339.3
2.10209052551 21813.1
2.40312052118 42430.1
2.40312052118 4194.09
2.40312052118 22879
2.40312052118 6918.31
2.40312052118 2259090.0
2.40312052118 592812
2.10209052551 38718.4
0.00692117408008 4609.63
2.10209052551 92440.9
2.40312052118 114962
2.40312052118 1431.58
2.40312052118 15937.1
2.10209052551 10820.3
2.40312052118 19646.1
2.40312052118 7000.33
2.40312052118 6528.08
2.10209052551 9327.33
2.40312052118 7469.31
2.40312052118 6211.31
2.40312052118 22124.1
2.40312052118 766085
2.40312052118 5678.33
2.40312052118 25231.1
2.40312052118 7143.33
2.10209052551 142253
2.40312052118 6725.33
2.40312052118 18193.1
2.40312052118 5691.33
2.40312052118 1179.33
1.80106052985 1673.52
1.1726715998 33287.8
2.40312052118 29622.4
2.40312052118 139277
2.40312052118 99053.9
2.40312052118 6318.33
2.40312052118 418738
2.40312052118 22923
-0.0 297079
2.40312052118 18269.1
-0.0 412.97
2.40312052118 983552
2.40312052118 44870.4
2.40312052118 566412
2.40312052118 6382.33
2.10209052551 8230.33
2.40312052118 695.78
0.971756757017 1814.63
2.40312052118 5607.33
2.40312052118 3324.33
2.40312052118 6708.31
2.40312052118 1452230.0
2.40312052118 6165.31
2.40312052118 5423.31
2.10209052551 6999.31
2.40312052118 10216.3
1.28917716887 12054.6
2.10209052551 214373
2.40312052118 202628
1.36172783602 80331
0.381931222106 170860
0.0265435641193 1879.5
2.40312052118 19248
1.40312052118 719443
0.0686667700249 940.22
0.381931222106 21151.7
0.0432850388359 1317.05
2.40312052118 13289.3
1.70415051684 29843.7
2.40312052118 2353.43
2.40312052118 721858
2.40312052118 612531
2.10209052551 6810.33
2.40312052118 17334.6
2.40312052118 810.35
2.10209052551 224614
1.32393927513 651079
0.678844651575 372662
2.10209052551 2614.33
1.62496927079 4513.97
1.92599926646 580351
1.80106052985 262654
2.40312052118 2509.09
1.36172783602 168812
1.14784801607 24146.9
1.28917716887 4140.93
1.62496927079 18995.3
1.55802248116 17562
0.00171998039427 2657.76
0.00171998039427 2657.76
2.40312052118 5030.33
2.10209052551 171724
0.7218792838 67744.4
0.712924441147 67487.6
1.04139268516 126018
1.32393927513 127486
0.678844651575 17767.3
2.40312052118 97145.7
1.10209052551 241106
2.10209052551 4698.33
2.10209052551 9096.33
2.40312052118 460.43
2.10209052551 4684.33
2.40312052118 2428.33
2.40312052118 7957.39
-0.0 62731.6
0.955962489834 21931.4
0.925999266456 18244.5
1.55802248116 114089
1.02290927946 39509.2
0.988147173205 407976
1.70415051684 6862.99
0.632268509534 516104
0.357797542389 459192
2.40312052118 6323.33
2.40312052118 5984.33
0.801060529848 315244
0.871641604134 496985
2.40312052118 457502
2.10209052551 1256.16
2.40312052118 250695
2.40312052118 2566.08
0.473701595462 33491.2
2.40312052118 361173
2.10209052551 123186
2.40312052118 602.32
2.40312052118 1702.33
1.70415051684 112422
2.40312052118 274504
2.40312052118 110645
2.10209052551 24271.3
-0.0 41439.4
0.00692117408008 4982.05
0.0788380658781 3666.99
0.0451856741754 13159
0.0193051551954 331.56
0.00171998039427 104714
2.10209052551 297113
1.92599926646 4848.36
2.40312052118 2998.33
2.40312052118 1267500.0
2.40312052118 23414.5
1.92599926646 1001620.0
2.40312052118 1724.29
2.40312052118 848982
2.40312052118 1398.29
2.40312052118 74721.7
1.92599926646 48067.9
2.40312052118 29955.3
2.10209052551 267704
1.80106052985 59631.4
1.70415051684 40926.1
1.92599926646 68199.5
1.92599926646 67234.5
2.40312052118 57945.5
2.10209052551 48405
2.40312052118 473217
2.40312052118 34115.3
2.40312052118 911980
1.92599926646 57477.1
2.40312052118 19461.3
2.40312052118 230159
2.40312052118 592.31
1.80106052985 144228
1.92599926646 15806.1
1.92599926646 15576.1
2.40312052118 25575.3
2.10209052551 7750.33
2.10209052551 2083.22
2.10209052551 10914
0.0767846602471 93.07
2.40312052118 48178.8
2.40312052118 1753.29
1.92599926646 26163.1
1.92599926646 16797.3
