FID IID
71827 71827
71611 71611
71612 71612
71613 71613
71614 71614
71615 71615
71616 71616
71617 71617
71618 71618
71619 71619
71620 71620
71622 71622
71623 71623
71624 71624
71625 71625
71626 71626
71627 71627
71628 71628
71629 71629
71828 71828
71630 71630
71631 71631
71632 71632
71633 71633
71635 71635
71636 71636
71637 71637
71638 71638
71640 71640
71641 71641
71642 71642
71644 71644
71645 71645
71646 71646
71647 71647
71648 71648
71649 71649
71650 71650
71651 71651
71652 71652
71654 71654
71860 71860
71655 71655
71656 71656
71657 71657
71658 71658
71659 71659
71660 71660
71862 71862
71661 71661
71662 71662
71663 71663
71664 71664
71665 71665
71666 71666
71667 71667
71668 71668
71669 71669
71670 71670
71671 71671
71672 71672
71673 71673
71674 71674
71829 71829
71866 71866
71675 71675
71677 71677
71678 71678
71679 71679
71681 71681
71682 71682
71683 71683
71867 71867
71789 71789
71790 71790
71791 71791
71792 71792
71793 71793
71794 71794
71795 71795
71796 71796
71797 71797
71798 71798
71799 71799
71800 71800
71801 71801
71802 71802
71804 71804
71805 71805
71684 71684
71685 71685
71686 71686
71687 71687
71688 71688
71689 71689
71690 71690
71691 71691
71692 71692
71718 71718
71719 71719
71720 71720
71721 71721
71722 71722
71723 71723
71724 71724
71725 71725
71726 71726
71727 71727
71728 71728
71729 71729
71730 71730
71731 71731
71732 71732
71733 71733
71698 71698
71699 71699
71700 71700
71701 71701
71702 71702
71703 71703
71704 71704
71705 71705
71734 71734
71706 71706
71735 71735
71707 71707
71736 71736
71737 71737
71738 71738
71708 71708
71739 71739
71709 71709
71710 71710
71711 71711
71712 71712
71713 71713
71714 71714
71715 71715
71716 71716
71870 71870
71830 71830
71831 71831
71832 71832
71872 71872
71873 71873
71835 71835
71836 71836
71837 71837
71823 71823
71846 71846
71824 71824
71847 71847
71758 71758
71759 71759
71760 71760
71761 71761
71762 71762
71763 71763
71764 71764
71765 71765
71766 71766
71767 71767
71768 71768
71769 71769
71770 71770
71771 71771
71773 71773
71774 71774
71775 71775
71776 71776
71777 71777
71778 71778
71779 71779
71780 71780
71781 71781
71782 71782
71783 71783
71784 71784
71786 71786
71856 71856
71857 71857
71825 71825
71787 71787
71788 71788
71858 71858
71826 71826
71808 71808
71810 71810
71811 71811
71812 71812
71813 71813
71814 71814
71815 71815
71816 71816
71817 71817
71818 71818
71819 71819
71820 71820
71821 71821
71822 71822
71740 71740
71741 71741
71742 71742
71743 71743
71744 71744
71745 71745
71746 71746
71747 71747
71748 71748
71749 71749
71750 71750
71751 71751
71752 71752
71753 71753
71754 71754
71755 71755
71756 71756
71757 71757
